x <- 25
y<-30